 9.06342565e+01 1.66137959e+00 3.28363317e+01
 7.91292889e+01 1.72536483e+00 2.65812489e+01
 1.03674614e+02 1.86384335e+00 2.98437650e+01
 7.89836012e+01 1.62838834e+00 2.97866021e+01
 8.75973044e+01 1.59572149e+00 3.44014344e+01
 5.61550056e+01 1.86534484e+00 1.61387619e+01
 6.49699626e+01 1.60048516e+00 2.53635076e+01
 7.50981045e+01 1.61583229e+00 2.87631477e+01
 1.16158702e+02 1.93765996e+00 3.09383124e+01
 8.34266381e+01 1.87792524e+00 2.36563723e+01
 6.06989559e+01 1.54202677e+00 2.55268597e+01
 5.24316753e+01 1.68062097e+00 1.85632571e+01
 1.19890308e+02 1.85694308e+00 3.47685752e+01
 7.16292396e+01 1.88970088e+00 2.00587659e+01
 1.09017146e+02 1.93331967e+00 2.91667115e+01
 1.11982295e+02 1.77955919e+00 3.53609959e+01
 7.83904081e+01 1.61966722e+00 2.98821155e+01
 1.03233342e+02 1.67841315e+00 3.66456342e+01
 1.02091249e+02 1.82418189e+00 3.06797797e+01
 9.10042139e+01 1.98494424e+00 2.30974949e+01
 7.17242727e+01 1.66291035e+00 2.59375218e+01
 9.19195743e+01 1.50864811e+00 4.03861167e+01
 6.32218905e+01 1.59443356e+00 2.48687881e+01
 6.04427877e+01 1.65451059e+00 2.20803210e+01
 1.18792962e+02 1.75100705e+00 3.87449338e+01
 5.16685740e+01 1.88196316e+00 1.45882850e+01
 1.01267022e+02 1.78994976e+00 3.16072239e+01
 8.08620658e+01 1.55261786e+00 3.35440639e+01
 5.80868824e+01 1.85863054e+00 1.68148087e+01
 9.07313875e+01 1.83801625e+00 2.68570842e+01
 5.49394061e+01 1.59640601e+00 2.15574433e+01
 1.00483461e+02 1.90456143e+00 2.77015847e+01
 8.89101847e+01 1.74315840e+00 2.92602348e+01
 6.33588684e+01 1.80488602e+00 1.94494734e+01
 1.02523986e+02 1.77485415e+00 3.25461893e+01
 6.88595957e+01 1.62261683e+00 2.61536626e+01
 1.08540760e+02 1.56285466e+00 4.44381197e+01
 1.01853915e+02 1.65377049e+00 3.72415073e+01
 7.85963592e+01 1.98347677e+00 1.99778245e+01
 1.06548724e+02 1.92325131e+00 2.88055505e+01
 1.16397136e+02 1.83562941e+00 3.45439724e+01
 9.13942258e+01 1.53476163e+00 3.88004617e+01
 1.01424111e+02 1.77788006e+00 3.20875302e+01
 5.77728660e+01 1.59534760e+00 2.26993420e+01
 1.02334111e+02 1.81530480e+00 3.10542690e+01
 8.17628793e+01 1.74456305e+00 2.68647522e+01
 8.75927478e+01 1.92074359e+00 2.37426596e+01
 9.16406057e+01 1.70238356e+00 3.16208192e+01
 1.00028396e+02 1.92122098e+00 2.70999609e+01
 7.36148247e+01 1.85480857e+00 2.13976999e+01
 7.61600208e+01 1.99690759e+00 1.90990216e+01
 6.36132295e+01 1.99493555e+00 1.59841558e+01
 6.52142437e+01 1.75935587e+00 2.10685706e+01
 1.07964637e+02 1.61753567e+00 4.12642346e+01
 1.12770680e+02 1.66535683e+00 4.06613313e+01
 9.11822948e+01 1.73140441e+00 3.04167970e+01
 1.15299725e+02 1.94632500e+00 3.04366990e+01
 7.93630842e+01 1.64143285e+00 2.94559001e+01
 1.12337249e+02 1.69529596e+00 3.90870354e+01
 9.16052421e+01 1.86827255e+00 2.62445940e+01
 8.16151974e+01 1.98540191e+00 2.07049490e+01
 1.19429834e+02 1.52594655e+00 5.12901753e+01
 1.07018145e+02 1.87780955e+00 3.03496950e+01
 1.03319605e+02 1.57881389e+00 4.14496492e+01
 8.32814188e+01 1.55444833e+00 3.44663690e+01
 5.62103746e+01 1.53397893e+00 2.38878847e+01
 6.43542830e+01 1.97593297e+00 1.64828779e+01
 7.07347664e+01 1.70977141e+00 2.41967379e+01
 5.97645308e+01 1.99360537e+00 1.50371359e+01
 6.88527016e+01 1.95581856e+00 1.79996416e+01
 8.24714085e+01 1.98985479e+00 2.08286270e+01
 5.31182732e+01 1.81848470e+00 1.60629256e+01
 5.78403186e+01 1.59035502e+00 2.28687544e+01
 1.02602776e+02 1.51964206e+00 4.44300194e+01
 1.16834609e+02 1.58510990e+00 4.64999786e+01
 6.05939816e+01 1.86662658e+00 1.73906013e+01
 7.89126528e+01 1.61921108e+00 3.00981436e+01
 1.14770984e+02 1.59973781e+00 4.48471124e+01
 5.84628714e+01 1.98923993e+00 1.47742623e+01
 5.53537695e+01 1.76981545e+00 1.76722251e+01
 8.73287562e+01 1.74490768e+00 2.86821937e+01
 1.09024628e+02 1.55457920e+00 4.51127091e+01
 1.06616246e+02 1.79780220e+00 3.29867534e+01
 5.03667552e+01 1.77860217e+00 1.59215864e+01
 1.01526377e+02 1.59156859e+00 4.00800422e+01
 9.77415283e+01 1.96170996e+00 2.53985855e+01
 7.76721306e+01 1.92115424e+00 2.10446037e+01
 1.00671880e+02 1.70610238e+00 3.45858137e+01
 7.27527921e+01 1.99552971e+00 1.82697779e+01
 8.34721211e+01 1.88864877e+00 2.34012495e+01
 5.12820112e+01 1.59427027e+00 2.01762827e+01
 5.24231778e+01 1.64437902e+00 1.93873964e+01
 1.09557830e+02 1.67319905e+00 3.91334556e+01
 9.16254954e+01 1.73358462e+00 3.04878112e+01
 6.18074083e+01 1.96813971e+00 1.59561711e+01
 6.26915343e+01 1.85571834e+00 1.82047526e+01
 1.12835726e+02 1.92231404e+00 3.05350018e+01
 7.11875956e+01 1.82717827e+00 2.13227139e+01
 7.14531327e+01 1.70511534e+00 2.45761444e+01
 9.12055256e+01 1.70377486e+00 3.14193169e+01
 8.05044973e+01 1.50476177e+00 3.55536871e+01
 9.22965442e+01 1.68902654e+00 3.23528463e+01
 1.18535090e+02 1.74659670e+00 3.88563198e+01
 9.53261283e+01 1.91397173e+00 2.60220147e+01
 6.31043591e+01 1.88652254e+00 1.77310871e+01
 9.20316028e+01 1.74368698e+00 3.02691297e+01
 8.69133455e+01 1.75457069e+00 2.82322003e+01
 6.15455636e+01 1.64442012e+00 2.27599441e+01
 1.03828370e+02 1.73298301e+00 3.45722326e+01
 1.16899680e+02 1.66246149e+00 4.22970556e+01
 6.80799442e+01 1.63532017e+00 2.54573741e+01
 5.40069075e+01 1.57299538e+00 2.18270184e+01
 9.62233536e+01 1.52238145e+00 4.15177224e+01
 7.60835243e+01 1.76031087e+00 2.45534137e+01
 9.63612048e+01 1.96852716e+00 2.48667713e+01
 6.55690079e+01 1.84300128e+00 1.93040014e+01
 6.95621361e+01 1.65275676e+00 2.54656652e+01
 5.96101729e+01 1.99153884e+00 1.50294408e+01
 1.14109531e+02 1.65587331e+00 4.16167064e+01
 9.32138597e+01 1.90567165e+00 2.56675457e+01
 9.52772852e+01 1.52605873e+00 4.09116388e+01
 6.62887924e+01 1.52047401e+00 2.86735923e+01
 8.12924651e+01 1.66268445e+00 2.94056391e+01
 6.93261281e+01 1.77651541e+00 2.19664050e+01
 9.17782999e+01 1.92559004e+00 2.47521168e+01
 8.74442740e+01 1.69806246e+00 3.03266230e+01
 6.45095151e+01 1.92505544e+00 1.74075357e+01
 5.84982159e+01 1.71260907e+00 1.99446373e+01
 1.15514728e+02 1.68781909e+00 4.05495064e+01
 9.16432160e+01 1.73271781e+00 3.05242247e+01
 6.42784138e+01 1.50318197e+00 2.84473643e+01
 7.00455570e+01 1.92397001e+00 1.89227389e+01
 9.38466583e+01 1.68775572e+00 3.29457679e+01
 7.30746200e+01 1.86252864e+00 2.10649604e+01
 6.94331129e+01 1.99021953e+00 1.75293038e+01
 6.91643557e+01 1.81479023e+00 2.10004921e+01
 7.76495318e+01 1.93306104e+00 2.07801034e+01
 8.53328274e+01 1.57490859e+00 3.44037220e+01
 8.31583712e+01 1.85887966e+00 2.40659729e+01
 9.46789596e+01 1.52703984e+00 4.06024971e+01
 1.13993471e+02 1.57490789e+00 4.59589040e+01
 7.16969651e+01 1.76927909e+00 2.29038284e+01
 5.16534906e+01 1.85875879e+00 1.49504273e+01
 8.04501305e+01 1.54556136e+00 3.36786172e+01
 8.21079972e+01 1.84698587e+00 2.40690147e+01
 1.09476654e+02 1.64186748e+00 4.06111526e+01
 1.19655447e+02 1.79546819e+00 3.71173571e+01
 1.07396276e+02 1.68878013e+00 3.76567643e+01
 6.49118911e+01 1.67176085e+00 2.32260823e+01
 8.21580137e+01 1.56215609e+00 3.36667411e+01
 5.29056407e+01 1.67986092e+00 1.87480164e+01
 8.03591507e+01 1.87921252e+00 2.27553511e+01
 5.94823520e+01 1.67604751e+00 2.11746130e+01
 1.00432478e+02 1.80752518e+00 3.07401133e+01
 1.02519496e+02 1.50328128e+00 4.53655274e+01
 7.72210087e+01 1.89812975e+00 2.14330352e+01
 9.26083936e+01 1.85277576e+00 2.69776821e+01
 8.92178292e+01 1.58183856e+00 3.56555663e+01
 9.69444672e+01 1.69869998e+00 3.35961617e+01
 1.06870869e+02 1.67223326e+00 3.82177949e+01
 1.02227747e+02 1.93920597e+00 2.71844725e+01
 7.68924306e+01 1.98872941e+00 1.94416087e+01
 1.08380602e+02 1.96620417e+00 2.80345979e+01
 5.40636331e+01 1.71492366e+00 1.83829684e+01
 1.05343153e+02 1.70082427e+00 3.64155963e+01
 1.08370612e+02 1.50610490e+00 4.77750427e+01
 9.40262681e+01 1.66645666e+00 3.38579886e+01
 7.27221451e+01 1.55427971e+00 3.01028994e+01
 1.01115714e+02 1.69277895e+00 3.52872777e+01
 1.00069795e+02 1.99301484e+00 2.51931192e+01
 6.55905315e+01 1.89447073e+00 1.82753351e+01
 9.85886027e+01 1.64178231e+00 3.65759458e+01
 8.62988817e+01 1.97018228e+00 2.22327073e+01
 9.74457092e+01 1.88828136e+00 2.73293505e+01
 9.59128210e+01 1.68042044e+00 3.39657146e+01
 8.62506833e+01 1.51563987e+00 3.75465899e+01
 9.32485305e+01 1.59203018e+00 3.67908147e+01
 9.39376884e+01 1.62080173e+00 3.57585652e+01
 6.25757267e+01 1.88838553e+00 1.75478766e+01
 1.13647550e+02 1.71614161e+00 3.85881389e+01
 6.05752728e+01 1.62286709e+00 2.30000868e+01
 9.63378160e+01 1.69379551e+00 3.35795477e+01
 7.52854343e+01 1.61221583e+00 2.89644041e+01
 7.87147429e+01 1.65101014e+00 2.88773010e+01
 1.04072234e+02 1.69535279e+00 3.62088480e+01
 8.57502959e+01 1.51692867e+00 3.72653591e+01
 9.37492074e+01 1.50821793e+00 4.12134913e+01
 6.59048671e+01 1.61435618e+00 2.52882496e+01
 1.10371707e+02 1.99215243e+00 2.78107452e+01
 1.10852387e+02 1.66544176e+00 3.99655828e+01
 6.61462836e+01 1.57131115e+00 2.67905150e+01
 7.06492341e+01 1.83480761e+00 2.09858418e+01
 1.07619486e+02 1.84274549e+00 3.16927699e+01
 9.27056119e+01 1.71528145e+00 3.15090450e+01
 6.79739288e+01 1.92313295e+00 1.83790794e+01
 9.51906705e+01 1.60459408e+00 3.69712396e+01
 7.41999523e+01 1.70048695e+00 2.56600218e+01
 1.18589971e+02 1.69739142e+00 4.11608144e+01
 8.15221753e+01 1.64591788e+00 3.00925807e+01
 1.05302719e+02 1.75581211e+00 3.41572977e+01
 1.07883514e+02 1.67346158e+00 3.85233097e+01
 1.19625206e+02 1.76295840e+00 3.84891720e+01
 9.87128999e+01 1.65432645e+00 3.60687827e+01
 6.58070250e+01 1.75001708e+00 2.14875889e+01
 9.37110551e+01 1.62692872e+00 3.54041179e+01
 8.52197867e+01 1.78932814e+00 2.66170831e+01
 9.56106637e+01 1.95316847e+00 2.50626461e+01
 1.04985693e+02 1.61375872e+00 4.03137237e+01
 6.44048638e+01 1.89388109e+00 1.79561510e+01
 5.59466145e+01 1.79072041e+00 1.74468988e+01
 5.50793062e+01 1.95321026e+00 1.44374491e+01
 1.13807164e+02 1.68451261e+00 4.01070824e+01
 8.96562250e+01 1.71659428e+00 3.04260184e+01
 9.85160388e+01 1.80381088e+00 3.02778434e+01
 8.75017280e+01 1.80624502e+00 2.68202798e+01
 1.15024799e+02 1.73207635e+00 3.83404689e+01
 1.08992077e+02 1.71400390e+00 3.70997783e+01
 5.26262054e+01 1.64087898e+00 1.95455975e+01
 6.03041906e+01 1.67532979e+00 2.14855696e+01
 8.44935054e+01 1.68582273e+00 2.97303153e+01
 5.43028210e+01 1.97982364e+00 1.38538149e+01
 7.48702270e+01 1.87415832e+00 2.13155528e+01
 6.46275744e+01 1.71232114e+00 2.20418183e+01
 6.67399688e+01 1.56106007e+00 2.73871455e+01
 7.77853290e+01 1.73683688e+00 2.57857417e+01
 8.33469211e+01 1.64196963e+00 3.09142933e+01
 6.58656665e+01 1.90033344e+00 1.82389347e+01
 1.17594579e+02 1.57347645e+00 4.74970691e+01
 7.38015382e+01 1.56052038e+00 3.03058536e+01
 1.11408268e+02 1.88791565e+00 3.12573568e+01
 9.43191448e+01 1.83493149e+00 2.80130339e+01
 5.89598017e+01 1.50104376e+00 2.61679263e+01
 1.01135123e+02 1.70071803e+00 3.49653095e+01
 1.15270027e+02 1.56589646e+00 4.70100061e+01
 1.06698944e+02 1.58864097e+00 4.22774325e+01
 8.26648795e+01 1.55042422e+00 3.43890320e+01
 8.17198849e+01 1.57759298e+00 3.28350603e+01
 1.19437060e+02 1.64610088e+00 4.40784393e+01
 9.07964129e+01 1.77637218e+00 2.87740349e+01
 1.05290284e+02 1.64541386e+00 3.88900046e+01
 7.85440205e+01 1.55989949e+00 3.22789870e+01
 8.44907154e+01 1.60144785e+00 3.29445354e+01
 1.13288214e+02 1.93340982e+00 3.03065771e+01
 1.06445094e+02 1.60649266e+00 4.12447009e+01
 9.39929522e+01 1.72040329e+00 3.17566558e+01
 5.20751232e+01 1.85310267e+00 1.51646134e+01
 6.84821022e+01 1.53294811e+00 2.91421894e+01
 9.79046448e+01 1.52928328e+00 4.18627176e+01
 1.11599790e+02 1.88260009e+00 3.14881559e+01
 6.23477274e+01 1.88702137e+00 1.75092277e+01
 5.42419985e+01 1.66733630e+00 1.95114377e+01
 9.62173229e+01 1.91104399e+00 2.63458310e+01
 7.86889591e+01 1.69600808e+00 2.73563382e+01
 9.42963064e+01 1.50544812e+00 4.16066828e+01
 1.00632774e+02 1.64661724e+00 3.71153984e+01
 8.04946689e+01 1.54777382e+00 3.36009940e+01
 7.80791988e+01 1.81050460e+00 2.38196887e+01
 5.71040383e+01 1.60925729e+00 2.20503685e+01
 5.66361855e+01 1.57755496e+00 2.27575233e+01
 9.09781393e+01 1.60638896e+00 3.52562106e+01
 8.12685051e+01 1.90620029e+00 2.23658396e+01
 6.19627864e+01 1.92505287e+00 1.67203597e+01
 6.32033325e+01 1.80144826e+00 1.94758488e+01
 1.15285666e+02 1.73445540e+00 3.83220771e+01
 9.04457608e+01 1.89178586e+00 2.52722709e+01
 6.40104352e+01 1.72315144e+00 2.15577725e+01
 1.06508512e+02 1.84709701e+00 3.12179879e+01
 9.74057160e+01 1.73780040e+00 3.22540800e+01
 1.08693742e+02 1.98749956e+00 2.75163269e+01
 5.64092472e+01 1.58295003e+00 2.25120938e+01
 7.20987426e+01 1.96071082e+00 1.87542888e+01
 5.29826505e+01 1.71569421e+00 1.79992292e+01
 7.83907527e+01 1.75723207e+00 2.53867200e+01
 1.09875269e+02 1.84913771e+00 3.21337522e+01
 1.19049828e+02 1.71456005e+00 4.04970484e+01
 6.34831813e+01 1.72305508e+00 2.13825926e+01
 1.10829309e+02 1.52662709e+00 4.75541802e+01
 6.58741015e+01 1.75213968e+00 2.14574077e+01
 7.35439804e+01 1.63070712e+00 2.76563712e+01
 1.18226786e+02 1.84600906e+00 3.46935091e+01
 5.45924455e+01 1.68611542e+00 1.92025078e+01
 1.13795295e+02 1.91105570e+00 3.11585770e+01
 1.09077756e+02 1.50973284e+00 4.78559552e+01
 1.05972301e+02 1.65503556e+00 3.86881270e+01
 5.73518711e+01 1.89304804e+00 1.60038445e+01
 7.78172380e+01 1.80771702e+00 2.38130441e+01
 6.73550311e+01 1.85098032e+00 1.96592271e+01
 1.14024145e+02 1.53463998e+00 4.84154316e+01
 9.04797753e+01 1.56655543e+00 3.68688831e+01
 6.93849776e+01 1.81991743e+00 2.09489416e+01
 1.14294182e+02 1.80075963e+00 3.52462270e+01
 5.49839529e+01 1.59873054e+00 2.15122292e+01
 6.49116267e+01 1.85246782e+00 1.89156446e+01
 6.77785056e+01 1.97481710e+00 1.73795382e+01
 6.83401001e+01 1.52649023e+00 2.93283446e+01
 5.67528208e+01 1.70176479e+00 1.95969454e+01
 8.61148124e+01 1.54545576e+00 3.60549338e+01
 9.82413485e+01 1.66043961e+00 3.56326518e+01
 8.72378050e+01 1.74450261e+00 2.86656294e+01
 1.07443969e+02 1.54653865e+00 4.49221452e+01
 8.40096037e+01 1.76232341e+00 2.70494049e+01
 1.19900827e+02 1.66478343e+00 4.32620099e+01
 7.70514112e+01 1.85347450e+00 2.24288685e+01
 1.04028153e+02 1.55778582e+00 4.28682143e+01
 5.90865297e+01 1.99113367e+00 1.49034786e+01
 5.67951128e+01 1.86877702e+00 1.62628253e+01
 8.69805956e+01 1.80344346e+00 2.67434428e+01
 1.05378561e+02 1.94111276e+00 2.79673124e+01
 6.64267294e+01 1.83006038e+00 1.98340787e+01
 1.02822358e+02 1.55756495e+00 4.23833446e+01
 1.09725129e+02 1.67120502e+00 3.92867983e+01
 6.71331656e+01 1.68249077e+00 2.37154705e+01
 1.08146213e+02 1.88150857e+00 3.05491350e+01
 5.37909464e+01 1.54482283e+00 2.25398917e+01
 1.17482216e+02 1.66230451e+00 4.25158599e+01
 1.19622715e+02 1.91358605e+00 3.26676326e+01
 6.72802943e+01 1.54886086e+00 2.80454927e+01
 8.47140313e+01 1.77778954e+00 2.68036943e+01
 1.04284319e+02 1.83320445e+00 3.10311022e+01
 5.98306741e+01 1.65219660e+00 2.19179760e+01
 1.06944198e+02 1.59096542e+00 4.22508789e+01
 5.70351713e+01 1.54958178e+00 2.37527417e+01
 9.43926319e+01 1.55880684e+00 3.88466426e+01
 1.00455199e+02 1.51396367e+00 4.38269767e+01
 6.84129048e+01 1.73960959e+00 2.26065580e+01
 1.09927474e+02 1.82307513e+00 3.30747915e+01
 1.08432747e+02 1.87814273e+00 3.07399584e+01
 5.19438561e+01 1.71588925e+00 1.76423194e+01
 9.95917241e+01 1.93158914e+00 2.66927759e+01
 1.01289506e+02 1.97953633e+00 2.58486282e+01
 1.08352604e+02 1.76642884e+00 3.47253842e+01
 6.59468102e+01 1.51022886e+00 2.89140057e+01
 8.86946125e+01 1.74248020e+00 2.92120165e+01
 9.99135064e+01 1.89053011e+00 2.79548394e+01
 1.05283068e+02 1.71316116e+00 3.58725368e+01
 1.00204456e+02 1.92122645e+00 2.71475049e+01
 1.02235759e+02 1.85614997e+00 2.96740416e+01
 9.42003527e+01 1.50496462e+00 4.15910560e+01
 6.98746639e+01 1.73601316e+00 2.31853527e+01
 8.03711383e+01 1.88599174e+00 2.25954267e+01
 9.91309769e+01 1.57853842e+00 3.97831411e+01
 8.00732881e+01 1.99751688e+00 2.00681226e+01
 1.13511840e+02 1.63254944e+00 4.25900825e+01
 5.24332781e+01 1.71816021e+00 1.77615024e+01
 1.16477588e+02 1.99296491e+00 2.93253404e+01
 1.03974780e+02 1.68754196e+00 3.65105897e+01
 9.61333164e+01 1.64578845e+00 3.54916268e+01
 9.23255739e+01 1.99541663e+00 2.31875487e+01
 1.18787830e+02 1.62307613e+00 4.50914468e+01
 9.42668754e+01 1.63247524e+00 3.53725125e+01
 1.15263816e+02 1.51506606e+00 5.02145824e+01
 1.15451694e+02 1.93530686e+00 3.08248262e+01
 9.46536468e+01 1.73664281e+00 3.13845820e+01
 7.19922952e+01 1.59870029e+00 2.81677339e+01
 6.80546508e+01 1.80742831e+00 2.08322247e+01
 6.54211188e+01 1.92578307e+00 1.76401892e+01
 6.86627819e+01 1.71613059e+00 2.33142115e+01
 1.16938159e+02 1.74584231e+00 3.83659734e+01
 9.79944879e+01 1.89170756e+00 2.73837959e+01
 9.38619149e+01 1.59900677e+00 3.67103734e+01
 9.03281782e+01 1.55300212e+00 3.74523570e+01
 9.29356772e+01 1.76294628e+00 2.99022804e+01
 9.29146544e+01 1.62727614e+00 3.50882493e+01
 1.05635484e+02 1.50820725e+00 4.64395259e+01
 7.70159059e+01 1.54273355e+00 3.23592598e+01
 5.91070814e+01 1.57083269e+00 2.39540887e+01
 1.15372623e+02 1.66016823e+00 4.18599370e+01
 8.27939319e+01 1.55663011e+00 3.41686369e+01
 6.54617297e+01 1.97543539e+00 1.67749724e+01
 8.95843120e+01 1.72174478e+00 3.02199968e+01
 1.08783597e+02 1.71159162e+00 3.71332631e+01
 7.84781393e+01 1.50574909e+00 3.46133375e+01
 5.34052632e+01 1.71063696e+00 1.82502305e+01
 8.67597830e+01 1.84172533e+00 2.55781267e+01
 5.05907094e+01 1.61354972e+00 1.94314882e+01
 6.29982407e+01 1.78233332e+00 1.98312720e+01
 1.07202531e+02 1.85472705e+00 3.11634138e+01
 7.99090298e+01 1.57970474e+00 3.20216727e+01
 1.15196470e+02 1.78681656e+00 3.60810555e+01
 6.17511127e+01 1.93151953e+00 1.65518515e+01
 1.09108464e+02 1.73250599e+00 3.63503797e+01
 8.54561541e+01 1.76797189e+00 2.73396300e+01
 1.08245375e+02 1.83683020e+00 3.20827309e+01
 1.18884400e+02 1.76757069e+00 3.80514567e+01
 1.02203869e+02 1.81722189e+00 3.09493417e+01
 6.23666250e+01 1.68746437e+00 2.19019618e+01
 5.91908820e+01 1.95026291e+00 1.55621103e+01
 1.00047263e+02 1.84336711e+00 2.94429652e+01
 1.15269215e+02 1.89876021e+00 3.19722420e+01
 1.12911590e+02 1.69117376e+00 3.94786289e+01
 1.13856033e+02 1.54666949e+00 4.75949650e+01
 1.02018958e+02 1.96763009e+00 2.63508100e+01
 1.01172713e+02 1.65776263e+00 3.68144832e+01
 9.65622001e+01 1.84360658e+00 2.84099620e+01
 7.28803891e+01 1.75403501e+00 2.36883149e+01
 9.62639104e+01 1.62448118e+00 3.64782612e+01
 5.21679756e+01 1.65075464e+00 1.91442754e+01
 6.46405638e+01 1.76745420e+00 2.06923016e+01
 9.10182655e+01 1.73931618e+00 3.00864869e+01
 1.17169502e+02 1.99914125e+00 2.93175465e+01
 6.98185267e+01 1.76767875e+00 2.23441583e+01
 6.33390012e+01 1.75527845e+00 2.05579199e+01
 1.13260904e+02 1.78303888e+00 3.56252892e+01
 6.48759055e+01 1.50621708e+00 2.85961979e+01
 1.12985623e+02 1.57265675e+00 4.56830717e+01
 5.47843376e+01 1.90382916e+00 1.51147326e+01
 7.38502377e+01 1.84445284e+00 2.17078488e+01
 5.06964182e+01 1.83183319e+00 1.51079463e+01
 1.13727741e+02 1.51798744e+00 4.93548755e+01
 6.30875832e+01 1.66038918e+00 2.28835871e+01
 1.00825973e+02 1.93118674e+00 2.70348450e+01
 6.45606387e+01 1.97953912e+00 1.64755394e+01
 8.72288665e+01 1.94501321e+00 2.30576541e+01
 7.18528155e+01 1.50887596e+00 3.15599795e+01
 8.44275182e+01 1.72841195e+00 2.82611285e+01
 1.17445479e+02 1.93073312e+00 3.15058940e+01
 6.67597002e+01 1.88906527e+00 1.87077023e+01
 7.68412897e+01 1.63068777e+00 2.88970172e+01
 1.18829191e+02 1.96833719e+00 3.06707321e+01
 8.95631770e+01 1.51772888e+00 3.88813285e+01
 8.84576122e+01 1.76290386e+00 2.84628219e+01
 1.18715050e+02 1.54461947e+00 4.97579835e+01
 7.70674521e+01 1.78350641e+00 2.42282280e+01
 8.31549578e+01 1.80254483e+00 2.55926938e+01
 1.18730513e+02 1.56251643e+00 4.86309953e+01
 7.56143006e+01 1.75162950e+00 2.46444675e+01
 6.34046708e+01 1.90816026e+00 1.74137200e+01
 7.22459262e+01 1.78378175e+00 2.27054403e+01
 8.04842225e+01 1.81554282e+00 2.44173067e+01
 1.16177421e+02 1.54192303e+00 4.88648246e+01
 5.64529891e+01 1.55729100e+00 2.32780927e+01
 5.45065964e+01 1.54806548e+00 2.27441866e+01
 7.70976010e+01 1.99307959e+00 1.94084825e+01
 8.14506011e+01 1.98022366e+00 2.07714016e+01
 1.15727018e+02 1.63221856e+00 4.34388316e+01
 9.14342439e+01 1.70690345e+00 3.13827478e+01
 8.46850365e+01 1.52423090e+00 3.64506398e+01
 5.05352956e+01 1.72806306e+00 1.69229330e+01
 1.00383467e+02 1.88445070e+00 2.82678405e+01
 9.91489528e+01 1.75341835e+00 3.22490582e+01
 7.54139146e+01 1.96571193e+00 1.95169406e+01
 9.17270498e+01 1.70322939e+00 3.16192191e+01
 1.07955385e+02 1.99459641e+00 2.71352762e+01
 1.00919727e+02 1.73153701e+00 3.36598757e+01
 8.37833442e+01 1.56907461e+00 3.40306703e+01
 5.75266568e+01 1.76520251e+00 1.84620559e+01
 1.16187261e+02 1.80312899e+00 3.57359162e+01
 8.14886126e+01 1.89445316e+00 2.27054012e+01
 1.13560142e+02 1.72980046e+00 3.79519341e+01
 6.99847769e+01 1.73921998e+00 2.31363342e+01
 6.42515973e+01 1.79711925e+00 1.98943674e+01
 9.89046977e+01 1.72762488e+00 3.31373687e+01
 1.06118937e+02 1.82444142e+00 3.18810814e+01
 7.43640103e+01 1.93774879e+00 1.98046811e+01
 6.00651738e+01 1.61904352e+00 2.29142525e+01
 5.82271614e+01 1.50394534e+00 2.57431396e+01
 1.18364986e+02 1.53600316e+00 5.01694144e+01
 7.06256373e+01 1.99017194e+00 1.78312250e+01
 1.17327713e+02 1.63568257e+00 4.38533280e+01
 1.15853622e+02 1.87386172e+00 3.29939673e+01
 8.05397708e+01 1.97297809e+00 2.06902559e+01
 5.10291443e+01 1.97207215e+00 1.31211737e+01
 1.07397069e+02 1.87564539e+00 3.05274804e+01
 5.44825275e+01 1.82923363e+00 1.62824178e+01
 1.04592466e+02 1.60891254e+00 4.04050389e+01
 9.82001026e+01 1.75327304e+00 3.19457310e+01
 8.87676409e+01 1.61082784e+00 3.42102640e+01
 5.25379495e+01 1.97830409e+00 1.34241570e+01
 7.63625119e+01 1.86556802e+00 2.19410814e+01
 7.89453548e+01 1.69000853e+00 2.76406842e+01
 8.86073824e+01 1.77293798e+00 2.81892045e+01
 7.53367385e+01 1.89963350e+00 2.08769560e+01
 1.10010397e+02 1.95320609e+00 2.88361709e+01
 7.23686720e+01 1.61908102e+00 2.76066329e+01
 9.85172051e+01 1.86407262e+00 2.83521781e+01
 9.09812824e+01 1.74732274e+00 2.97992818e+01
 6.15423571e+01 1.86863164e+00 1.76249027e+01
 5.34301483e+01 1.91610881e+00 1.45527827e+01
 6.62998119e+01 1.78123249e+00 2.08963811e+01
 6.77691789e+01 1.53654733e+00 2.87038623e+01
 6.72328195e+01 1.98877268e+00 1.69985170e+01
 6.02579304e+01 1.80987870e+00 1.83956558e+01
 1.01047382e+02 1.89002841e+00 2.82870982e+01
 1.04745893e+02 1.95797291e+00 2.73227020e+01
 1.06693611e+02 1.65088751e+00 3.91474473e+01
 5.11977135e+01 1.79480599e+00 1.58933536e+01
 5.62754374e+01 1.76955242e+00 1.79718182e+01
 1.07581339e+02 1.57442950e+00 4.34000780e+01
 5.49069849e+01 1.83984240e+00 1.62205789e+01
 6.54418251e+01 1.85812271e+00 1.89542506e+01
 5.98096195e+01 1.91314360e+00 1.63408973e+01
 8.26507253e+01 1.89463831e+00 2.30247031e+01
 5.11705036e+01 1.83094913e+00 1.52639571e+01
 5.43641849e+01 1.60667419e+00 2.10599456e+01
 1.15671384e+02 1.79801806e+00 3.57797938e+01
 7.10725644e+01 1.76649719e+00 2.27759281e+01
 1.02706015e+02 1.93595610e+00 2.74034264e+01
 1.11686601e+02 1.56582774e+00 4.55525937e+01
 9.10716988e+01 1.75422486e+00 2.95946300e+01
 7.78738279e+01 1.85807829e+00 2.25560737e+01