3.085797 7.293738
-1.032026 4.986431
-0.057260 1.348637
-0.424130 -2.824525
3.486237 4.269421
4.768917 0.123765
-2.733528 4.134929
-4.328813 -0.841147
-3.998931 4.740859
2.927464 -1.858575
-3.528051 5.825872
2.464278 6.378287
3.234050 2.317453
4.944567 8.549652
-1.108510 6.797485
-5.663860 1.747925
5.527435 7.981507
1.408560 4.580846
5.160262 7.122707
4.586209 1.444189
2.962297 4.016356
-0.951492 -1.935274
0.039983 8.161592
3.548761 1.434522
6.284272 -0.888418
7.010513 1.087951
-0.339789 8.070027
-1.560522 9.642068
0.876204 4.230771
6.392607 -0.553998
-0.859082 0.611843
-1.618674 3.054824
-1.184251 -1.068963
2.786265 6.438005
6.231211 -0.997132
6.357399 4.152364
4.057751 3.124785
-2.663227 3.592862
6.790206 5.932705
-1.483712 2.961421
3.560958 0.160129
0.574500 -0.564166
0.248257 8.850160
6.041084 5.054854
5.980540 7.647263
6.277913 8.982323
-1.479317 -0.775307
3.099664 6.039020
-3.415458 0.282218
4.855435 5.031775
6.404798 0.172922
-2.105544 5.112404
2.602706 9.059070
5.918872 5.152481
-5.066312 4.739356
5.991972 3.132539
0.999674 8.897542
3.748053 6.952491
5.033015 8.687606
-2.180433 8.371323
2.123383 -1.907674
-3.774387 1.616118
6.780692 7.310527
5.397151 7.926846
6.586573 1.607510
4.863084 -0.878503
5.224248 6.105313
-3.673136 0.395685
-2.879207 8.186179
4.953729 1.890777
4.801284 6.870758
3.749324 3.178143
5.397530 3.689770
2.294383 8.612686
-5.681043 3.463796
-0.608614 7.512031
-4.617983 5.437358
4.264522 8.549176
-1.930813 7.292942
2.018067 7.749424
-3.602011 9.124485
6.225111 -0.901290
3.889221 8.876602
-6.186198 3.247851
-1.520307 4.826293
2.855840 3.410406
4.906207 1.715169
-3.469811 1.743738
6.478990 1.722507
2.960589 5.902814
0.801613 1.851190
-2.912621 0.729834
7.111636 1.400645
3.575549 1.736983
3.486928 3.298822
-2.357801 -0.506096
2.773898 7.680576
4.853026 4.291369
1.042363 7.430624
-0.606711 1.520886
3.982938 8.070602
5.362630 6.042742
2.116146 3.510328
-4.999748 6.228475
-1.566806 4.892147
-5.495273 6.344840
-3.720920 8.983354
4.813409 -1.397195
-0.341156 -0.655162
3.346040 4.738460
5.364905 2.547685
4.164645 9.655525
2.662787 3.804348
-2.278436 -0.188100
1.154481 6.014400
-2.181879 6.656860
0.329144 -2.880130
-3.730731 0.769108
0.449935 -0.054985
-0.787200 7.066123
5.435256 2.332910
2.924873 1.535143
0.827716 4.729299
4.267739 4.006329
5.817266 -0.121974
2.929001 5.900457
-2.580493 4.047878
-1.052749 -0.955646
-0.292340 -0.373635
-4.056512 8.620737
5.147904 3.553320
-2.891673 6.326944
-3.597288 -1.569743
-4.436491 0.913471
1.860335 3.073684
1.736959 6.288308
7.141390 1.522484
1.291483 9.821061
1.646567 4.622933
4.915427 -0.361880
-3.025930 3.554588
-5.699665 7.179580
-0.686607 -2.613695
4.173756 1.305779
0.814616 2.841891
1.794969 -1.342714
6.581346 6.082615
-2.492587 4.111568
-1.333699 9.513194
-2.598877 2.411381
2.712155 -1.261345
0.697546 6.023790
-3.305326 -1.092850
3.776595 1.539270
5.295046 2.554313
6.372402 5.435702
1.313359 4.177111
0.737695 4.205324
3.358855 6.954662
1.658400 4.078877
1.592657 6.568808
-0.603148 1.532683
4.936675 6.017439
-4.799268 2.964790
4.871129 9.602234
-0.012644 8.175997
-0.846514 -0.140586
3.374412 3.943100
0.546000 8.578649
-2.478881 9.264407
-4.698933 2.116053
-3.613946 5.457860
-4.037664 7.594429
2.059477 4.377744
2.978062 6.798310
7.088189 4.755871
1.093290 9.699436
1.648962 1.151509
6.112748 1.306725
4.744235 6.465377
0.808429 5.216111
6.337057 3.686961
4.207212 6.239717
4.685993 2.039625
3.925710 -1.809467
0.899922 -0.985672
0.531363 6.693881
1.618321 8.744375
4.338852 -2.203319
7.773269 6.286021
-2.898279 1.460111
6.337069 3.682647
-1.913952 1.812925
-3.458072 4.939651
2.247636 -1.329117
-5.515341 3.546952
7.845764 3.005417
-2.289628 -0.050498
2.614732 -2.158463
-5.402933 4.828085
7.240500 4.243677
3.737137 9.337263
-2.324432 6.286480
2.219351 4.695350
-3.231008 3.760835
0.879007 -0.296975
